> lisa.test <- localmoran(PopDen, crd.lw)
> lisa.test
               Ii        E.Ii     Var.Ii         Z.Ii    Pr(z > 0)
4146  0.176968149 -0.01176471 0.18104615  0.443560494 3.286802e-01
4147  0.470585136 -0.01176471 0.22897414  1.008019474 1.567226e-01
4171  0.093769073 -0.01176471 0.18104615  0.248025789 4.020572e-01
4172  0.388313028 -0.01176471 0.06306957  1.593068439 5.557242e-02
4173  0.037454909 -0.01176471 0.46861407  0.071900275 4.713406e-01
4174  0.426218027 -0.01176471 0.94789392  0.449859732 3.264058e-01
4259  0.391245056 -0.01176471 0.18104615  0.947154692 1.717800e-01
4260  0.257700769 -0.01176471 0.94789392  0.276772706 3.909773e-01
4261  0.182856502 -0.01176471 0.12627131  0.547693788 2.919511e-01
4276  0.272202707 -0.01176471 0.18104615  0.667381024 2.522644e-01
4277  0.255165086 -0.01176471 0.46861407  0.389932458 3.482932e-01
4744  0.594184245 -0.01176471 0.94789392  0.622380774 2.668458e-01
4745  0.576290211 -0.01176471 0.18104615  1.382048342 8.347843e-02
4746  0.559524142 -0.01176471 0.94789392  0.586780776 2.786755e-01
4747  0.078046155 -0.01176471 0.30885412  0.161604022 4.358088e-01
4748  0.363639663 -0.01176471 0.94789392  0.385584398 3.499022e-01
4749 -0.230520620 -0.01176471 0.30885412 -0.393625393 6.530712e-01
4808  0.111441373 -0.01176471 0.14909416  0.319081639 3.748323e-01
4809  0.028743444 -0.01176471 0.12627131  0.113996118 4.546204e-01
4810  0.005283547 -0.01176471 0.46861407  0.024904179 4.900657e-01
4811 -0.066744155 -0.01176471 0.09584085 -0.177592682 5.704786e-01
4812  0.034028482 -0.01176471 0.18104615  0.107623280 4.571473e-01
4813 -0.009601069 -0.01176471 0.18104615  0.005084985 4.979714e-01
4814  0.415468244 -0.01176471 0.18104615  1.004084096 1.576690e-01
4837  0.588421560 -0.01176471 0.94789392  0.616461819 2.687949e-01
4838  0.588513110 -0.01176471 0.94789392  0.616555852 2.687639e-01
4839  0.493017153 -0.01176471 0.08519018  1.729453797 4.186395e-02
4840  0.536308531 -0.01176471 0.94789392  0.562935615 2.867394e-01
4841  0.500901328 -0.01176471 0.30885412  0.922481889 1.781386e-01
4842  0.226219950 -0.01176471 0.94789392  0.244438205 4.034457e-01
4843  0.359580929 -0.01176471 0.94789392  0.381415601 3.514474e-01
4844  0.303750431 -0.01176471 0.08519018  1.080999330 1.398487e-01
4845 -0.244827729 -0.01176471 0.18104615 -0.547745381 7.080666e-01
4947  0.515133747 -0.01176471 0.22897414  1.101117604 1.354227e-01
4948  0.245649495 -0.01176471 0.30885412  0.463186408 3.216154e-01
4976  0.168931346 -0.01176471 0.22897414  0.377620397 3.528563e-01
4977  0.719593265 -0.01176471 0.10915418  2.213654418 1.342628e-02
4978  1.675317258 -0.01176471 0.22897414  3.525680592 2.111980e-04
4979  1.360831880 -0.01176471 0.46861407  2.005096383 2.247637e-02
5058  0.174137481 -0.01176471 0.14909416  0.481453310 3.150972e-01
5059  0.392926367 -0.01176471 0.94789392  0.415665284 3.388275e-01
5060 -0.173641786 -0.01176471 0.22897414 -0.338292324 6.324285e-01
5061  0.032363532 -0.01176471 0.14909416  0.114284220 4.545062e-01
5062  0.088040196 -0.01176471 0.14909416  0.258476789 3.980195e-01
5063  0.045903790 -0.01176471 0.22897414  0.120516194 4.520371e-01
5120 -0.117527732 -0.01176471 0.22897414 -0.221024619 5.874634e-01
5121  2.084992799 -0.01176471 0.12627131  5.900595693 1.810957e-09
5122  2.878609124 -0.01176471 0.14909416  7.485549650 3.562416e-14
5123  4.621832331 -0.01176471 0.12627131 13.039649391 3.639550e-39
5124  0.571159964 -0.01176471 0.46861407  0.851539453 1.972349e-01
5125  3.705138702 -0.01176471 0.22897414  7.767621542 3.998679e-15
5134  0.137893922 -0.01176471 0.18104615  0.351728134 3.625211e-01
5170  0.594184245 -0.01176471 0.94789392  0.622380774 2.668458e-01
5171  0.559400109 -0.01176471 0.06921419  2.171020301 1.496482e-02
5172  0.484328850 -0.01176471 0.94789392  0.509546375 3.051847e-01
5217  0.011159037 -0.01176471 0.18104615  0.053875447 4.785172e-01
5218  0.058589775 -0.01176471 0.22897414  0.147027491 4.415552e-01
5262  0.025761826 -0.01176471 0.18104615  0.088194963 4.648609e-01
5283  5.760712660 -0.01176471 0.46861407  8.432465594 1.692287e-17
5284  5.186337567 -0.01176471 0.14909416 13.462152282 1.305978e-41
5285  1.043946052 -0.01176471 0.18104615  2.481134432 6.548249e-03
5286  3.500505168 -0.01176471 0.14909416  9.096148829 4.679585e-20
5287  6.384007119 -0.01176471 0.22897414 13.365947283 4.780501e-41
5288  1.831038259 -0.01176471 0.14909416  4.772529058 9.096343e-07
5289  0.406045179 -0.01176471 0.22897414  0.873143234 1.912925e-01
5318  0.524026732 -0.01176471 0.22897414  1.119702252 1.314203e-01
5319  0.582425014 -0.01176471 0.94789392  0.610302662 2.708307e-01
5320  0.582425014 -0.01176471 0.94789392  0.610302662 2.708307e-01
5342  0.579144752 -0.01176471 0.14909416  1.530349480 6.296512e-02
5350  0.002083782 -0.01176471 0.22897414  0.028940706 4.884559e-01
5351  0.429169466 -0.01176471 0.14909416  1.141940395 1.267394e-01
5352  0.697105068 -0.01176471 0.10915418  2.145587757 1.595294e-02
5365  0.278630669 -0.01176471 0.46861407  0.424211105 3.357059e-01
5366  0.611126038 -0.01176471 0.94789392  0.639781986 2.611572e-01
5367  0.611126038 -0.01176471 0.94789392  0.639781986 2.611572e-01
5368  0.022841212 -0.01176471 0.30885412  0.062269255 4.751742e-01
5369  0.558292624 -0.01176471 0.46861407  0.832742776 2.024949e-01
5370  0.401859288 -0.01176471 0.94789392  0.424840444 3.354765e-01
5371  0.543493624 -0.01176471 0.94789392  0.570315550 2.842318e-01
5372  0.590511228 -0.01176471 0.94789392  0.618608153 2.680873e-01
5373  0.531985907 -0.01176471 0.18104615  1.277924241 1.006381e-01
5374  0.544956255 -0.01176471 0.46861407  0.813260936 2.080342e-01
5375  0.526656480 -0.01176471 0.94789392  0.553021825 2.901242e-01
5376  0.423025248 -0.01176471 0.07647600  1.572233008 5.794826e-02
5377  0.269204931 -0.01176471 0.12627131  0.790691448 2.145620e-01
5378  0.514450425 -0.01176471 0.22897414  1.099689590 1.357337e-01
attr(,"call")
localmoran(x = PopDen, listw = crd.lw)
attr(,"class")
[1] "localmoran" "matrix"    
> lisa.occupied.test <- localmoran(OccDen, crd.lw)
> lisa.occupied.test
               Ii        E.Ii     Var.Ii        Z.Ii    Pr(z > 0)
4146  0.182261338 -0.01176471 0.17543488  0.46323573 3.215977e-01
4147  0.370846010 -0.01176471 0.22177547  0.81245698 2.082647e-01
4171  0.086367221 -0.01176471 0.17543488  0.23428924 4.073802e-01
4172  0.314477565 -0.01176471 0.06136575  1.31697405 9.392366e-02
4173  0.008442496 -0.01176471 0.45347841  0.03000737 4.880306e-01
4174  0.350657883 -0.01176471 0.91688428  0.37849312 3.525322e-01
4259  0.324812488 -0.01176471 0.17543488  0.80357554 2.108211e-01
4260  0.211025080 -0.01176471 0.91688428  0.23266873 4.080093e-01
4261  0.195691456 -0.01176471 0.12247421  0.59279428 2.766594e-01
4276  0.241030577 -0.01176471 0.17543488  0.60354685 2.730725e-01
4277  0.251725203 -0.01176471 0.45347841  0.39127823 3.477958e-01
4744  0.441859748 -0.01176471 0.91688428  0.47373906 3.178430e-01
4745  0.437868645 -0.01176471 0.17543488  1.07349627 1.415243e-01
4746  0.436181892 -0.01176471 0.91688428  0.46780944 3.199604e-01
4747  0.094045506 -0.01176471 0.29900978  0.19350175 4.232830e-01
4748  0.307471126 -0.01176471 0.91688428  0.33339138 3.694194e-01
4749 -0.143369501 -0.01176471 0.29900978 -0.24067391 5.950961e-01
4808  0.127942528 -0.01176471 0.14454116  0.36747105 3.566338e-01
4809  0.068680694 -0.01176471 0.12247421  0.22986819 4.090971e-01
4810  0.069997485 -0.01176471 0.45347841  0.12141552 4.516810e-01
4811 -0.036397023 -0.01176471 0.09305162 -0.08075014 5.321797e-01
4812  0.075480406 -0.01176471 0.17543488  0.20829705 4.174985e-01
4813  0.006390238 -0.01176471 0.17543488  0.04334479 4.827133e-01
4814  0.339887882 -0.01176471 0.17543488  0.83956793 2.005753e-01
4837  0.447812178 -0.01176471 0.91688428  0.47995543 3.156295e-01
4838  0.445769339 -0.01176471 0.91688428  0.47782201 3.163884e-01
4839  0.363827412 -0.01176471 0.08275371  1.30563785 9.583787e-02
4840  0.418205635 -0.01176471 0.91688428  0.44903608 3.267028e-01
4841  0.402672033 -0.01176471 0.29900978  0.75790635 2.242535e-01
4842  0.317623976 -0.01176471 0.91688428  0.34399443 3.654252e-01
4843  0.327062176 -0.01176471 0.91688428  0.35385114 3.617252e-01
4844  0.229358591 -0.01176471 0.08275371  0.83819571 2.009604e-01
4845 -0.167202108 -0.01176471 0.17543488 -0.37110564 6.447206e-01
4947  0.412937142 -0.01176471 0.22177547  0.90183564 1.835721e-01
4948  0.163017977 -0.01176471 0.29900978  0.31963601 3.746221e-01
4976  0.007661003 -0.01176471 0.22177547  0.04124964 4.835484e-01
4977  0.390986166 -0.01176471 0.10592400  1.23748315 1.079539e-01
4978  1.462761425 -0.01176471 0.22177547  3.13109120 8.707903e-04
4979  1.160696953 -0.01176471 0.45347841  1.74108648 4.083421e-02
5058  0.178656297 -0.01176471 0.14454116  0.50086315 3.082337e-01
5059  0.325252330 -0.01176471 0.91688428  0.35196104 3.624337e-01
5060 -0.120841200 -0.01176471 0.22177547 -0.23161912 5.915831e-01
5061 -0.006068973 -0.01176471 0.14454116  0.01498145 4.940235e-01
5062  0.005516327 -0.01176471 0.14454116  0.04545419 4.818726e-01
5063 -0.002296602 -0.01176471 0.22177547  0.02010510 4.919798e-01
5120 -0.101798214 -0.01176471 0.22177547 -0.19118218 5.758086e-01
5121  1.535987953 -0.01176471 0.12247421  4.42261596 4.875649e-06
5122  2.088858542 -0.01176471 0.14454116  5.52525593 1.645028e-08
5123  5.329090110 -0.01176471 0.12247421 15.26119151 6.934623e-53
5124  0.435093655 -0.01176471 0.45347841  0.66357739 2.534804e-01
5125  4.434010898 -0.01176471 0.22177547  9.44040839 1.856646e-21
5134  0.125357075 -0.01176471 0.17543488  0.32737723 3.716913e-01
5170  0.441859748 -0.01176471 0.91688428  0.47373906 3.178430e-01
5171  0.426185829 -0.01176471 0.06730685  1.68808937 4.569704e-02
5172  0.388067218 -0.01176471 0.91688428  0.41756126 3.381340e-01
5217  0.045511668 -0.01176471 0.17543488  0.13674691 4.456154e-01
5218  0.091372501 -0.01176471 0.22177547  0.21900731 4.133222e-01
5262  0.041442479 -0.01176471 0.17543488  0.12703176 4.494576e-01
5283  7.084179349 -0.01176471 0.45347841 10.53736142 2.905316e-26
5284  5.000533378 -0.01176471 0.14454116 13.18381568 5.437418e-40
5285  0.652413786 -0.01176471 0.17543488  1.58572119 5.640129e-02
5286  3.147223651 -0.01176471 0.14454116  8.30906693 4.822876e-17
5287  7.471836443 -0.01176471 0.22177547 15.89109693 3.651910e-57
5288  1.476292376 -0.01176471 0.14454116  3.91402705 4.538473e-05
5289  0.316182766 -0.01176471 0.22177547  0.69638199 2.430948e-01
5318  0.406330128 -0.01176471 0.22177547  0.88780594 1.873226e-01
5319  0.446354984 -0.01176471 0.91688428  0.47843362 3.161708e-01
5320  0.447146884 -0.01176471 0.91688428  0.47926064 3.158766e-01
5342  0.438495109 -0.01176471 0.14454116  1.18431552 1.181441e-01
5350  0.012147343 -0.01176471 0.22177547  0.05077618 4.797519e-01
5351  0.216736462 -0.01176471 0.14454116  0.60102516 2.739116e-01
5352  0.399044456 -0.01176471 0.10592400  1.26224287 1.034307e-01
5365  0.233985775 -0.01176471 0.45347841  0.36493546 3.575798e-01
5366  0.457229342 -0.01176471 0.91688428  0.48979017 3.121412e-01
5367  0.457229342 -0.01176471 0.91688428  0.48979017 3.121412e-01
5368 -0.050041977 -0.01176471 0.29900978 -0.07000004 5.279032e-01
5369  0.425310546 -0.01176471 0.45347841  0.64904964 2.581531e-01
5370  0.323348953 -0.01176471 0.91688428  0.34997326 3.631794e-01
5371  0.428244238 -0.01176471 0.91688428  0.45951981 3.229305e-01
5372  0.444341384 -0.01176471 0.91688428  0.47633074 3.169194e-01
5373  0.408040748 -0.01176471 0.17543488  1.00228239 1.581036e-01
5374  0.422024550 -0.01176471 0.45347841  0.64416998 2.597326e-01
5375  0.407734963 -0.01176471 0.91688428  0.43810112 3.306565e-01
5376  0.345433669 -0.01176471 0.07432815  1.31018558 9.506653e-02
5377  0.222310194 -0.01176471 0.12247421  0.66885583 2.517937e-01
5378  0.402089752 -0.01176471 0.22177547  0.87880169 1.897544e-01
attr(,"call")
localmoran(x = OccDen, listw = crd.lw)
attr(,"class")
[1] "localmoran" "matrix"    
> lisa.vacancy.test <- localmoran(VacDen, crd.lw)
> lisa.vacancy.test
               Ii        E.Ii     Var.Ii         Z.Ii     Pr(z > 0)
4146  0.161874847 -0.01176471 0.14952215  0.449051231  3.266974e-01
4147  0.202179009 -0.01176471 0.18853216  0.492727507  3.111026e-01
4171  0.056958844 -0.01176471 0.14952215  0.177726757  4.294688e-01
4172  0.170831585 -0.01176471 0.05349751  0.789450991  2.149242e-01
4173 -0.007497557 -0.01176471 0.38358222  0.006889831  4.972514e-01
4174  0.205468269 -0.01176471 0.77368233  0.246970118  4.024657e-01
4259  0.196868291 -0.01176471 0.14952215  0.539548175  2.947543e-01
4260  0.173983861 -0.01176471 0.77368233  0.211175792  4.163750e-01
4261  0.166245009 -0.01176471 0.10493928  0.549508812  2.913282e-01
4276  0.178409140 -0.01176471 0.14952215  0.491810754  3.114266e-01
4277  0.159726716 -0.01176471 0.38358222  0.276893760  3.909308e-01
4744  0.178023789 -0.01176471 0.77368233  0.215768748  4.145840e-01
4745  0.237610124 -0.01176471 0.14952215  0.644911094  2.594924e-01
4746  0.233592932 -0.01176471 0.77368233  0.278944783  3.901436e-01
4747  0.034428685 -0.01176471 0.25354885  0.091737948  4.634531e-01
4748  0.082588077 -0.01176471 0.77368233  0.107268789  4.572879e-01
4749 -0.068082154 -0.01176471 0.25354885 -0.111843860  5.445264e-01
4808  0.091594230 -0.01176471 0.12351548  0.294094795  3.843427e-01
4809  0.089697278 -0.01176471 0.10493928  0.313209054  3.770609e-01
4810  0.101670142 -0.01176471 0.38358222  0.183154359  4.273385e-01
4811  0.073395105 -0.01176471 0.08017102  0.300764089  3.817972e-01
4812  0.096555329 -0.01176471 0.14952215  0.280127680  3.896898e-01
4813  0.057792301 -0.01176471 0.14952215  0.179882169  4.286225e-01
4814  0.193227603 -0.01176471 0.14952215  0.530132951  2.980099e-01
4837  0.247533770 -0.01176471 0.77368233  0.294793990  3.840756e-01
4838  0.250104260 -0.01176471 0.77368233  0.297716356  3.829598e-01
4839  0.222746484 -0.01176471 0.07150213  0.877009069  1.902409e-01
4840  0.223581817 -0.01176471 0.77368233  0.267563240  3.945178e-01
4841  0.240595947 -0.01176471 0.25354885  0.501176641  3.081234e-01
4842  0.067143001 -0.01176471 0.77368233  0.089709427  4.642591e-01
4843  0.163771181 -0.01176471 0.77368233  0.199565093  4.209104e-01
4844  0.148269134 -0.01176471 0.07150213  0.598483717  2.747586e-01
4845 -0.112392814 -0.01176471 0.14952215 -0.260235499  6.026589e-01
4947 -0.053966783 -0.01176471 0.18853216 -0.097194368  5.387140e-01
4948  0.014087632 -0.01176471 0.25354885  0.051341554  4.795267e-01
4976  0.054539255 -0.01176471 0.18853216  0.152702712  4.393164e-01
4977  0.152387177 -0.01176471 0.09100713  0.544136864  2.931736e-01
4978  0.878504797 -0.01176471 0.18853216  2.050353632  2.016497e-02
4979 -0.193673406 -0.01176471 0.38358222 -0.293713722  6.155117e-01
5058  0.135390668 -0.01176471 0.12351548  0.418712028  3.377133e-01
5059  0.175823442 -0.01176471 0.77368233  0.213267194  4.155593e-01
5060  0.052426506 -0.01176471 0.18853216  0.147836901  4.412357e-01
5061  0.018593536 -0.01176471 0.12351548  0.086380544  4.655820e-01
5062  0.020041844 -0.01176471 0.12351548  0.090501520  4.639443e-01
5063  0.004686624 -0.01176471 0.18853216  0.037888577  4.848883e-01
5120 -0.107670174 -0.01176471 0.18853216 -0.220877077  5.874059e-01
5121  0.956045529 -0.01176471 0.10493928  2.987591175  1.405927e-03
5122  0.730860367 -0.01176471 0.12351548  2.113045836  1.729842e-02
5123  9.384092836 -0.01176471 0.10493928 29.004633411 2.875663e-185
5124  0.219367856 -0.01176471 0.38358222  0.373191634  3.545029e-01
5125  3.845567036 -0.01176471 0.18853216  8.883707825  3.233400e-19
5134  0.088338523 -0.01176471 0.14952215  0.258878104  3.978646e-01
5170  0.178023789 -0.01176471 0.77368233  0.215768748  4.145840e-01
5171  0.230018125 -0.01176471 0.05849879  0.999659299  1.587377e-01
5172  0.065028972 -0.01176471 0.77368233  0.087306008  4.652141e-01
5217  0.110048055 -0.01176471 0.14952215  0.315021371  3.763727e-01
5218  0.086593677 -0.01176471 0.18853216  0.226526312  4.103960e-01
5262  0.058615664 -0.01176471 0.14952215  0.182011477  4.277869e-01
5283 17.246221824 -0.01176471 0.38358222 27.865118371 3.532628e-171
5284  2.031001711 -0.01176471 0.12351548  5.812433797  3.078552e-09
5285  0.017843463 -0.01176471 0.14952215  0.076570023  4.694828e-01
5286  0.559729915 -0.01176471 0.12351548  1.626115752  5.196252e-02
5287  5.515089700 -0.01176471 0.18853216 12.728736602  2.047051e-37
5288  0.455103294 -0.01176471 0.12351548  1.328413918  9.202070e-02
5289  0.059361468 -0.01176471 0.18853216  0.163808608  4.349409e-01
5318 -0.015168220 -0.01176471 0.18853216 -0.007838533  5.031271e-01
5319  0.245339449 -0.01176471 0.77368233  0.292299287  3.850289e-01
5320  0.248105721 -0.01176471 0.77368233  0.295444235  3.838273e-01
5342  0.241136381 -0.01176471 0.12351548  0.719598095  2.358862e-01
5350  0.006372549 -0.01176471 0.18853216  0.041771380  4.833405e-01
5351  0.028565516 -0.01176471 0.12351548  0.114754551  4.543198e-01
5352  0.060989154 -0.01176471 0.09100713  0.241167243  4.047127e-01
5365  0.224286360 -0.01176471 0.38358222  0.381133157  3.515522e-01
5366  0.250104260 -0.01176471 0.77368233  0.297716356  3.829598e-01
5367  0.250104260 -0.01176471 0.77368233  0.297716356  3.829598e-01
5368  0.076595414 -0.01176471 0.25354885  0.175479131  4.303516e-01
5369  0.227115556 -0.01176471 0.38358222  0.385701239  3.498590e-01
5370  0.042361201 -0.01176471 0.77368233  0.061535233  4.754665e-01
5371  0.229215910 -0.01176471 0.77368233  0.273968587  3.920544e-01
5372  0.246183062 -0.01176471 0.77368233  0.293258382  3.846623e-01
5373  0.237281908 -0.01176471 0.14952215  0.644062292  2.597675e-01
5374  0.244124563 -0.01176471 0.38358222  0.413164349  3.397431e-01
5375  0.237872923 -0.01176471 0.77368233  0.283810664  3.882777e-01
5376  0.197170937 -0.01176471 0.06440940  0.823261697  2.051796e-01
5377  0.149608254 -0.01176471 0.10493928  0.498151822  3.091885e-01
5378  0.231177230 -0.01176471 0.18853216  0.559512461  2.879060e-01
attr(,"call")
localmoran(x = VacDen, listw = crd.lw)
attr(,"class")
[1] "localmoran" "matrix" 